{
  "camera_angle_x": 1.1852372779833384,
  "camera_angle_y": 0.680759971064374,
  "fl_x": 356.4242258069139,
  "fl_y": 381.178836330773,
  "k1": 0.09212620120453985,
  "k2": -0.09522302896753103,
  "p1": -0.0003592182634466791,
  "p2": 2.135690157206352e-05,
  "cx": 241.13130802180785,
  "cy": 137.04070056905002,
  "w": 480.0,
  "h": 270.0,
  "aabb_scale": 16,
  "frames": [
    {
      "file_path": "./data/image_100.png",
      "sharpness": 3322.5636046667223,
      "transform_matrix": [
        [
          0.04070507037087052,
          -0.4048613181061652,
          0.913471625397367,
          3.655610194204703
        ],
        [
          0.9991709286373172,
          0.015813391056914476,
          -0.03751522396755475,
          -0.14954384478656144
        ],
        [
          0.000743378992748361,
          0.9142413520637052,
          0.4051693443772391,
          1.587723816671303
        ],
        [
          0.0,
          0.0,
          0.0,
          1.0
        ]
      ]
    },
    {
      "file_path": "./data/image_120.png",
      "sharpness": 3286.2712867360156,
      "transform_matrix": [
        [
          0.039361430601503176,
          -0.40431634416952117,
          0.9137718378660304,
          3.6575276854762686
        ],
        [
          0.9992248314061914,
          0.015337891443334625,
          -0.036255832459811226,
          -0.1425662756184204
        ],
        [
          0.000643492381807988,
          0.9144905920686767,
          0.4046066521871777,
          1.5866755940296864
        ],
        [
          0.0,
          0.0,
          0.0,
          1.0
        ]
      ]
    },
    {
      "file_path": "./data/image_8040.png",
      "sharpness": 2833.843353900892,
      "transform_matrix": [
        [
          0.2344076100864813,
          -0.3878440953759138,
          0.8914202320310266,
          3.595978784200408
        ],
        [
          0.9721349461518094,
          0.09107390590378535,
          -0.21600738444289452,
          -0.8678603204877628
        ],
        [
          0.0025920662810474614,
          0.9172145340124065,
          0.39838521539770855,
          1.5915099253186433
        ],
        [
          0.0,
          0.0,
          0.0,
          1.0
        ]
      ]
    },
    {
      "file_path": "./data/image_1000.png",
      "sharpness": 2893.073425923783,
      "transform_matrix": [
        [
          -0.41845552101617167,
          -0.3571265067084869,
          0.8350782210044421,
          3.330604347847065
        ],
        [
          0.9081287214481129,
          -0.17873677390686193,
          0.3786230195516339,
          1.551670898703144
        ],
        [
          0.014042870850321357,
          0.9167954100651237,
          0.3991102277823545,
          1.5990101461387205
        ],
        [
          0.0,
          0.0,
          0.0,
          1.0
        ]
      ]
    },
    {
      "file_path": "./data/image_1120.png",
      "sharpness": 2733.765868653549,
      "transform_matrix": [
        [
          -0.5031063065882053,
          -0.3380691097929013,
          0.7953573544851877,
          3.1672830496403606
        ],
        [
          0.8640737991988996,
          -0.2139597884203051,
          0.4556288824000642,
          1.8600670648444553
        ],
        [
          0.016140440615260196,
          0.9164772152100101,
          0.39976117900107566,
          1.601166951259621
        ],
        [
          0.0,
          0.0,
          0.0,
          1.0
        ]
      ]
    },
    {
      "file_path": "./data/image_7960.png",
      "sharpness": 2760.9524305483524,
      "transform_matrix": [
        [
          0.2974390419861131,
          -0.38053816808156854,
          0.8756259012810057,
          3.5339677620847065
        ],
        [
          0.954738124354278,
          0.11637638281150028,
          -0.27373646346111785,
          -1.0898448237636673
        ],
        [
          0.0022649972554776646,
          0.9174133420735933,
          0.39792917665267136,
          1.5913840240643518
        ],
        [
          0.0,
          0.0,
          0.0,
          1.0
        ]
      ]
    },
    {
      "file_path": "./data/image_1180.png",
      "sharpness": 2688.084182037799,
      "transform_matrix": [
        [
          -0.5441896819275832,
          -0.32732936573530325,
          0.7724720554619089,
          3.072535105709359
        ],
        [
          0.8387974436887025,
          -0.23052650795361843,
          0.4932305521680729,
          2.0082440316644794
        ],
        [
          0.016626441634939135,
          0.9163585627437166,
          0.40001318226217264,
          1.6027278976242672
        ],
        [
          0.0,
          0.0,
          0.0,
          1.0
        ]
      ]
    },
    {
      "file_path": "./data/image_1060.png",
      "sharpness": 2795.15664526743,
      "transform_matrix": [
        [
          -0.4614245750862002,
          -0.3480049230735406,
          0.8160759370804689,
          3.2525812633806432
        ],
        [
          0.8870481030275503,
          -0.196798920425063,
          0.4176312342662692,
          1.707799254591009
        ],
        [
          0.015265137848367015,
          0.916603926727699,
          0.39950496509119043,
          1.5998321531213289
        ],
        [
          0.0,
          0.0,
          0.0,
          1.0
        ]
      ]
    },
    {
      "file_path": "./data/image_8120.png",
      "sharpness": 2908.855810441851,
      "transform_matrix": [
        [
          0.1731846962107272,
          -0.3927177195968325,
          0.9032053220457285,
          3.6423002828805138
        ],
        [
          0.9848842301814479,
          0.06609456484034429,
          -0.1601079686913676,
          -0.6434588441543714
        ],
        [
          0.003180273631659479,
          0.9172809282175252,
          0.3982280560767952,
          1.5898700449779775
        ],
        [
          0.0,
          0.0,
          0.0,
          1.0
        ]
      ]
    },
    {
      "file_path": "./data/image_1160.png",
      "sharpness": 2700.0385908757717,
      "transform_matrix": [
        [
          -0.5304336285030236,
          -0.33120511195423596,
          0.7803482169052254,
          3.105590887551517
        ],
        [
          0.8475701944337579,
          -0.22487555669592696,
          0.4806825870657601,
          1.9587313793920433
        ],
        [
          0.01627670962966959,
          0.91637009874391,
          0.40000113863636433,
          1.6028253418665621
        ],
        [
          0.0,
          0.0,
          0.0,
          1.0
        ]
      ]
    },
    {
      "file_path": "./data/image_1020.png",
      "sharpness": 2826.006456382828,
      "transform_matrix": [
        [
          -0.43269042873808805,
          -0.3540556872511571,
          0.8291101032204509,
          3.305719206580578
        ],
        [
          0.9014219646794904,
          -0.18494630548685365,
          0.3914502595223874,
          1.6026163027104303
        ],
        [
          0.01474565977260359,
          0.9167548388029716,
          0.3991780694225173,
          1.5988337080964665
        ],
        [
          0.0,
          0.0,
          0.0,
          1.0
        ]
      ]
    },
    {
      "file_path": "./data/image_880.png",
      "sharpness": 3018.025815019624,
      "transform_matrix": [
        [
          -0.3301949844610333,
          -0.37380494166111644,
          0.8667416788669932,
          3.4582321383254
        ],
        [
          0.9438499316697965,
          -0.1413471858730233,
          0.29861058174939287,
          1.2272569795518482
        ],
        [
          0.01088938609648537,
          0.9166737907746172,
          0.39948790048763066,
          1.591982268860483
        ],
        [
          0.0,
          0.0,
          0.0,
          1.0
        ]
      ]
    },
    {
      "file_path": "./data/image_1100.png",
      "sharpness": 2787.3782016231685,
      "transform_matrix": [
        [
          -0.4895622197066236,
          -0.34163165542961615,
          0.802257218791461,
          3.1963838249125724
        ],
        [
          0.8718236613319409,
          -0.20853662144514676,
          0.443210989324527,
          1.8113162774266016
        ],
        [
          0.015885105949215154,
          0.9164061815488356,
          0.399934211948346,
          1.602199415383755
        ],
        [
          0.0,
          0.0,
          0.0,
          1.0
        ]
      ]
    },
    {
      "file_path": "./data/image_1040.png",
      "sharpness": 2823.5015551888055,
      "transform_matrix": [
        [
          -0.4473110544745156,
          -0.3511902222923368,
          0.8225437668415114,
          3.2799699897734342
        ],
        [
          0.8942553430735243,
          -0.19087780092853532,
          0.4048123596151109,
          1.656781322776932
        ],
        [
          0.014839202822265354,
          0.9166412018535964,
          0.39943548312922056,
          1.600220932488193
        ],
        [
          0.0,
          0.0,
          0.0,
          1.0
        ]
      ]
    },
    {
      "file_path": "./data/image_820.png",
      "sharpness": 3020.3352171162337,
      "transform_matrix": [
        [
          -0.28460270104994545,
          -0.3813463991367613,
          0.8795318223231993,
          3.513031009245009
        ],
        [
          0.9585953900870117,
          -0.12259417104109063,
          0.2570321912342722,
          1.0581628169968704
        ],
        [
          0.009807174072551309,
          0.9162672061959073,
          0.40044753245005427,
          1.5914891895368446
        ],
        [
          0.0,
          0.0,
          0.0,
          1.0
        ]
      ]
    },
    {
      "file_path": "./data/image_1140.png",
      "sharpness": 2678.217774434097,
      "transform_matrix": [
        [
          -0.5174529756511153,
          -0.3347531838431815,
          0.7875168086811392,
          3.1351275204750757
        ],
        [
          0.855558228471105,
          -0.219816636665128,
          0.46872248072887385,
          1.9121616856889447
        ],
        [
          0.016202953438678343,
          0.9163083281341817,
          0.40014561368392476,
          1.6028949267466914
        ],
        [
          0.0,
          0.0,
          0.0,
          1.0
        ]
      ]
    },
    {
      "file_path": "./data/image_1080.png",
      "sharpness": 2782.731137172068,
      "transform_matrix": [
        [
          -0.47533544829300006,
          -0.34494137613397263,
          0.8093649724849479,
          3.224999475801853
        ],
        [
          0.8796659079289488,
          -0.20266986710139565,
          0.4302473885994593,
          1.7595434756933896
        ],
        [
          0.015623765108503558,
          0.9164826087036769,
          0.3997693409532767,
          1.6015721597963393
        ],
        [
          0.0,
          0.0,
          0.0,
          1.0
        ]
      ]
    },
    {
      "file_path": "./data/image_8080.png",
      "sharpness": 2883.054334224966,
      "transform_matrix": [
        [
          0.20324419723374537,
          -0.3905911782260903,
          0.8978476083620377,
          3.6214256990962603
        ],
        [
          0.9791249920845607,
          0.07877454078750486,
          -0.18737348157927705,
          -0.7545042827044581
        ],
        [
          0.0024588958924954083,
          0.9171876052770943,
          0.39844805259373334,
          1.5914512302036188
        ],
        [
          0.0,
          0.0,
          0.0,
          1.0
        ]
      ]
    },
    {
      "file_path": "./data/image_1200.png",
      "sharpness": 2711.046951057325,
      "transform_matrix": [
        [
          -0.5565145572758596,
          -0.32403296169201035,
          0.7650452191444793,
          3.040843101695462
        ],
        [
          0.8306711129220831,
          -0.23544859320963574,
          0.5045289507178006,
          2.05550968205796
        ],
        [
          0.016644810428873905,
          0.9162786692640345,
          0.4001953905234253,
          1.6035251602794995
        ],
        [
          0.0,
          0.0,
          0.0,
          1.0
        ]
      ]
    },
    {
      "file_path": "./data/image_1220.png",
      "sharpness": 2678.4535616849926,
      "transform_matrix": [
        [
          -0.5697971033195588,
          -0.32004617277194236,
          0.7569027073550063,
          3.0065975175903508
        ],
        [
          0.821601068046685,
          -0.24136667273051177,
          0.5164434279565983,
          2.102894031838638
        ],
        [
          0.017405345484262577,
          0.9161400420483936,
          0.4004803083334072,
          1.6049825903682915
        ],
        [
          0.0,
          0.0,
          0.0,
          1.0
        ]
      ]
    },
    {
      "file_path": "./data/image_860.png",
      "sharpness": 3016.5658715420072,
      "transform_matrix": [
        [
          -0.31508059167547536,
          -0.3765910980394231,
          0.8711505987402869,
          3.476875808601408
        ],
        [
          0.9490069292968034,
          -0.135163957134636,
          0.28480967827370623,
          1.1720715441544647
        ],
        [
          0.0104913727125948,
          0.9164659566109723,
          0.399975101138084,
          1.5934185948806918
        ],
        [
          0.0,
          0.0,
          0.0,
          1.0
        ]
      ]
    },
    {
      "file_path": "./data/image_1260.png",
      "sharpness": 2679.177641098679,
      "transform_matrix": [
        [
          -0.5954153668759901,
          -0.312341732006753,
          0.7402183349482897,
          2.9365697248911315
        ],
        [
          0.8032295685757972,
          -0.2513782038340369,
          0.5400289425602351,
          2.1956754125810263
        ],
        [
          0.01740118023128338,
          0.916106784790565,
          0.400556560108472,
          1.6052568656185853
        ],
        [
          0.0,
          0.0,
          0.0,
          1.0
        ]
      ]
    },
    {
      "file_path": "./data/image_1240.png",
      "sharpness": 2695.9971454855754,
      "transform_matrix": [
        [
          -0.5826167572679037,
          -0.31660510226675465,
          0.7485445367030321,
          2.9729022850912163
        ],
        [
          0.8125636887027257,
          -0.24646776846488092,
          0.5281987229346313,
          2.14954010333794
        ],
        [
          0.017261690865886352,
          0.9159775370509116,
          0.40085806179404315,
          1.6063900210274096
        ],
        [
          0.0,
          0.0,
          0.0,
          1.0
        ]
      ]
    },
    {
      "file_path": "./data/image_1300.png",
      "sharpness": 2668.9144499799363,
      "transform_matrix": [
        [
          -0.6202925398870026,
          -0.30421996675490043,
          0.7229712143971191,
          2.866372395168853
        ],
        [
          0.7841630503725255,
          -0.2617183592656636,
          0.5626649188049303,
          2.286709306145982
        ],
        [
          0.018040937135333574,
          0.9159441644039982,
          0.4009000029187084,
          1.6059187947465672
        ],
        [
          0.0,
          0.0,
          0.0,
          1.0
        ]
      ]
    },
    {
      "file_path": "./data/image_1280.png",
      "sharpness": 2671.3050072337965,
      "transform_matrix": [
        [
          -0.6082872404231128,
          -0.30835222268164314,
          0.731372367514928,
          2.901895966812335
        ],
        [
          0.7935204888974541,
          -0.2567576578927751,
          0.551725238514041,
          2.242976349070791
        ],
        [
          0.017659752525262633,
          0.9159663814440238,
          0.40086621367205194,
          1.6067973445606993
        ],
        [
          0.0,
          0.0,
          0.0,
          1.0
        ]
      ]
    },
    {
      "file_path": "./data/image_900.png",
      "sharpness": 3001.8978622636964,
      "transform_matrix": [
        [
          -0.34472672823334144,
          -0.3715287715869287,
          0.8620497983198595,
          3.440277599159574
        ],
        [
          0.9386269310842851,
          -0.14812565378291936,
          0.3115096706920876,
          1.2816387884842453
        ],
        [
          0.011956884679882995,
          0.9165288662295255,
          0.39978978268016363,
          1.5962067307182788
        ],
        [
          0.0,
          0.0,
          0.0,
          1.0
        ]
      ]
    },
    {
      "file_path": "./data/image_1340.png",
      "sharpness": 2652.4859998628262,
      "transform_matrix": [
        [
          -0.6437775201906026,
          -0.2959088727795328,
          0.7056829625024618,
          2.7943842270985955
        ],
        [
          0.7649679169478325,
          -0.2721951717691085,
          0.5837241424732176,
          2.3733356087841044
        ],
        [
          0.01935434217944175,
          0.9156133067678776,
          0.40159392670591215,
          1.6098661157058753
        ],
        [
          0.0,
          0.0,
          0.0,
          1.0
        ]
      ]
    },
    {
      "file_path": "./data/image_1440.png",
      "sharpness": 2627.9424281547685,
      "transform_matrix": [
        [
          -0.7020655028294895,
          -0.2733691060625869,
          0.6575510334916861,
          2.5958151676288512
        ],
        [
          0.7117984695543667,
          -0.29680736638280586,
          0.6365911765026105,
          2.585775396618983
        ],
        [
          0.02114162966511042,
          0.9149725237213957,
          0.4029619242418358,
          1.6132202658016235
        ],
        [
          0.0,
          0.0,
          0.0,
          1.0
        ]
      ]
    },
    {
      "file_path": "./data/image_8220.png",
      "sharpness": 2928.5012498282936,
      "transform_matrix": [
        [
          0.10093819629608698,
          -0.39569407868989825,
          0.9128185343631624,
          3.6806123421306647
        ],
        [
          0.9948909875634646,
          0.03844428551399448,
          -0.09334859279242659,
          -0.37461289580244606
        ],
        [
          0.0018448290644743042,
          0.9175773717020463,
          0.3975529695584824,
          1.5905501416765215
        ],
        [
          0.0,
          0.0,
          0.0,
          1.0
        ]
      ]
    },
    {
      "file_path": "./data/image_140.png",
      "sharpness": 3306.843050357939,
      "transform_matrix": [
        [
          0.036895966968122244,
          -0.40428127367997596,
          0.9138902228560332,
          3.6564604512986514
        ],
        [
          0.9993188850414918,
          0.014310151518971836,
          -0.034014490484897436,
          -0.13223127241154728
        ],
        [
          0.0006735139760329847,
          0.91452275607218,
          0.40453389853478045,
          1.5867937953680675
        ],
        [
          0.0,
          0.0,
          0.0,
          1.0
        ]
      ]
    },
    {
      "file_path": "./data/image_1320.png",
      "sharpness": 2626.6956067663086,
      "transform_matrix": [
        [
          -0.6325426353820632,
          -0.30026421637829903,
          0.713954630803181,
          2.830250943895468
        ],
        [
          0.7743046754754519,
          -0.26716336406512214,
          0.5736514677382738,
          2.332536666149289
        ],
        [
          0.01849551252055623,
          0.9156774199022093,
          0.40148820500297966,
          1.6093649684106524
        ],
        [
          0.0,
          0.0,
          0.0,
          1.0
        ]
      ]
    },
    {
      "file_path": "./data/image_1380.png",
      "sharpness": 2622.7011410035984,
      "transform_matrix": [
        [
          -0.6676780166184927,
          -0.2878074593854984,
          0.6865660438043284,
          2.715064610499162
        ],
        [
          0.7441982991595536,
          -0.28202814475715676,
          0.6054989819090345,
          2.4619209468573064
        ],
        [
          0.019363823943650545,
          0.9152196413654256,
          0.4024898140821717,
          1.6114953580119147
        ],
        [
          0.0,
          0.0,
          0.0,
          1.0
        ]
      ]
    },
    {
      "file_path": "./data/image_1400.png",
      "sharpness": 2574.924018620864,
      "transform_matrix": [
        [
          -0.679428519236734,
          -0.283228020416032,
          0.6768742687956613,
          2.6764459447812583
        ],
        [
          0.733467445088419,
          -0.2873849669158006,
          0.6159832690798387,
          2.502972357601734
        ],
        [
          0.02005976743311916,
          0.914981840965163,
          0.4029960750344977,
          1.6140436939037441
        ],
        [
          0.0,
          0.0,
          0.0,
          1.0
        ]
      ]
    },
    {
      "file_path": "./data/image_1360.png",
      "sharpness": 2627.210750578168,
      "transform_matrix": [
        [
          -0.6559313064869671,
          -0.2919694254207779,
          0.6960660714676645,
          2.754646649457816
        ],
        [
          0.7545700823876084,
          -0.2773902099319445,
          0.594708888616509,
          2.4182193538679737
        ],
        [
          0.019445101188927887,
          0.9153188111842135,
          0.4022603162017734,
          1.6117009052524554
        ],
        [
          0.0,
          0.0,
          0.0,
          1.0
        ]
      ]
    },
    {
      "file_path": "./data/image_1420.png",
      "sharpness": 2642.6871128219786,
      "transform_matrix": [
        [
          -0.6907694989098092,
          -0.27866907516794825,
          0.6672188891058151,
          2.63590268104201
        ],
        [
          0.7227929565519452,
          -0.2918867987286383,
          0.6263963910231757,
          2.544975878015817
        ],
        [
          0.02019508261740581,
          0.9149566346700884,
          0.40304654243640736,
          1.6133494576239373
        ],
        [
          0.0,
          0.0,
          0.0,
          1.0
        ]
      ]
    },
    {
      "file_path": "./data/image_1480.png",
      "sharpness": 2615.4087161179104,
      "transform_matrix": [
        [
          -0.7243947929460394,
          -0.26391969043827984,
          0.6368662190839562,
          2.509138694531896
        ],
        [
          0.6890548295854486,
          -0.30579359600414746,
          0.6570340314381243,
          2.6657616314965455
        ],
        [
          0.02134539312268346,
          0.914787775221746,
          0.4033704259808425,
          1.6145085876538852
        ],
        [
          0.0,
          0.0,
          0.0,
          1.0
        ]
      ]
    },
    {
      "file_path": "./data/image_1520.png",
      "sharpness": 2571.6103596149946,
      "transform_matrix": [
        [
          -0.7455316172490917,
          -0.25377671739029856,
          0.6162629190947845,
          2.424544457606467
        ],
        [
          0.6660910409442097,
          -0.3149083689222732,
          0.6761327120888222,
          2.7405915183337646
        ],
        [
          0.022479610485316444,
          0.9145655235937563,
          0.4038125434218045,
          1.6149828626515046
        ],
        [
          0.0,
          0.0,
          0.0,
          1.0
        ]
      ]
    },
    {
      "file_path": "./data/image_980.png",
      "sharpness": 2894.1452841386963,
      "transform_matrix": [
        [
          -0.40343102449108875,
          -0.3603385801617476,
          0.8410704585132882,
          3.3546646241431066
        ],
        [
          0.9149072255192398,
          -0.172637114291816,
          0.36488518120320407,
          1.4965337275170862
        ],
        [
          0.013717768757004152,
          0.9167074421390126,
          0.39932353850725905,
          1.5979520378716816
        ],
        [
          0.0,
          0.0,
          0.0,
          1.0
        ]
      ]
    },
    {
      "file_path": "./data/image_1560.png",
      "sharpness": 2550.221759044925,
      "transform_matrix": [
        [
          -0.7662598599206095,
          -0.2434824003300142,
          0.594610921412186,
          2.3347800782232904
        ],
        [
          0.6421235291715165,
          -0.32312878634973496,
          0.6951727560229022,
          2.8149888218783166
        ],
        [
          0.0228735741057298,
          0.9144966419918532,
          0.40394639675572525,
          1.6176799635524133
        ],
        [
          0.0,
          0.0,
          0.0,
          1.0
        ]
      ]
    },
    {
      "file_path": "./data/image_1460.png",
      "sharpness": 2629.57533320378,
      "transform_matrix": [
        [
          -0.713311867587402,
          -0.26854291503896255,
          0.6473568431707627,
          2.5529864556711703
        ],
        [
          0.7005142874416449,
          -0.301637379944735,
          0.6467570054589389,
          2.6250178402121973
        ],
        [
          0.021585010495509982,
          0.9148221651533905,
          0.40327967159857064,
          1.6138684299948238
        ],
        [
          0.0,
          0.0,
          0.0,
          1.0
        ]
      ]
    },
    {
      "file_path": "./data/image_1540.png",
      "sharpness": 2529.054044123419,
      "transform_matrix": [
        [
          -0.7559765827361877,
          -0.24869030879327605,
          0.6055184032921603,
          2.3808689444596802
        ],
        [
          0.6542057811394528,
          -0.31907649660112647,
          0.6857149445946786,
          2.779167980689787
        ],
        [
          0.022676029434555645,
          0.9145180805658816,
          0.4039089972578712,
          1.617147560473942
        ],
        [
          0.0,
          0.0,
          0.0,
          1.0
        ]
      ]
    },
    {
      "file_path": "./data/image_1500.png",
      "sharpness": 2541.230101437412,
      "transform_matrix": [
        [
          -0.7351149022697877,
          -0.2593230876486049,
          0.6263845597809231,
          2.4667197414721804
        ],
        [
          0.6776038157311846,
          -0.3102551997522503,
          0.6667794087501832,
          2.703887357603588
        ],
        [
          0.021427771658946965,
          0.9146000477215495,
          0.40379153454245587,
          1.6158091980919194
        ],
        [
          0.0,
          0.0,
          0.0,
          1.0
        ]
      ]
    },
    {
      "file_path": "./data/image_160.png",
      "sharpness": 3304.9139206503746,
      "transform_matrix": [
        [
          0.03424811702590366,
          -0.4043263682835279,
          0.9139733335549235,
          3.6580546238560943
        ],
        [
          0.9994133117121929,
          0.013567845730958625,
          -0.031447510787050034,
          -0.12042234885216037
        ],
        [
          0.0003144086362018162,
          0.9145141341343671,
          0.4045538279071876,
          1.5887313952441455
        ],
        [
          0.0,
          0.0,
          0.0,
          1.0
        ]
      ]
    },
    {
      "file_path": "./data/image_1580.png",
      "sharpness": 2547.6583683269864,
      "transform_matrix": [
        [
          -0.7765021793074276,
          -0.23803991348227357,
          0.5834221157779623,
          2.289902861733649
        ],
        [
          0.6296832591367396,
          -0.3273924278055469,
          0.7044949903147197,
          2.851210853380113
        ],
        [
          0.02331005637678479,
          0.9144130346060643,
          0.40411068220590224,
          1.6176019404201882
        ],
        [
          0.0,
          0.0,
          0.0,
          1.0
        ]
      ]
    },
    {
      "file_path": "./data/image_1600.png",
      "sharpness": 2564.0354275972004,
      "transform_matrix": [
        [
          -0.7862979422965842,
          -0.23280313048225262,
          0.5723095739514473,
          2.245028222815484
        ],
        [
          0.617400485310576,
          -0.33129029667835347,
          0.7134867763771432,
          2.8853900595477935
        ],
        [
          0.02349865344794727,
          0.9143573928266835,
          0.4042256443225782,
          1.6173028109048424
        ],
        [
          0.0,
          0.0,
          0.0,
          1.0
        ]
      ]
    },
    {
      "file_path": "./data/image_1640.png",
      "sharpness": 2561.46349959967,
      "transform_matrix": [
        [
          -0.8059082626146892,
          -0.22191865849609577,
          0.5488751964876285,
          2.148067337880471
        ],
        [
          0.5915638439823342,
          -0.33903270315884454,
          0.7315114795282882,
          2.9555681903458595
        ],
        [
          0.023750595350630847,
          0.914225866650124,
          0.4045083114436593,
          1.6188148151159485
        ],
        [
          0.0,
          0.0,
          0.0,
          1.0
        ]
      ]
    },
    {
      "file_path": "./data/image_1620.png",
      "sharpness": 2556.4777951254932,
      "transform_matrix": [
        [
          -0.7962133489923238,
          -0.2275874390201163,
          0.5605785052473552,
          2.196127018766364
        ],
        [
          0.6045587619177225,
          -0.3352970952681411,
          0.7225541926342074,
          2.9209842429087174
        ],
        [
          0.023516086224327663,
          0.9142099406357556,
          0.40455800349287163,
          1.619185099547445
        ],
        [
          0.0,
          0.0,
          0.0,
          1.0
        ]
      ]
    },
    {
      "file_path": "./data/image_1680.png",
      "sharpness": 2554.770352108815,
      "transform_matrix": [
        [
          -0.8241084770979462,
          -0.21096609700431754,
          0.5256791073922717,
          2.055377591874758
        ],
        [
          0.5659008030073329,
          -0.34683219506874763,
          0.7479730674425806,
          3.0208989001361406
        ],
        [
          0.024525480015933097,
          0.9138931745178492,
          0.4052132357887096,
          1.6215620501323444
        ],
        [
          0.0,
          0.0,
          0.0,
          1.0
        ]
      ]
    },
    {
      "file_path": "./data/image_1660.png",
      "sharpness": 2551.7012154134636,
      "transform_matrix": [
        [
          -0.8149817174045355,
          -0.21644276481573635,
          0.5375475140989305,
          2.1022627446916977
        ],
        [
          0.5789793016717778,
          -0.3429445341558219,
          0.739710764237158,
          2.988317496527997
        ],
        [
          0.02424393883382605,
          0.9140796333490195,
          0.40480940624573386,
          1.619654901629299
        ],
        [
          0.0,
          0.0,
          0.0,
          1.0
        ]
      ]
    },
    {
      "file_path": "./data/image_1700.png",
      "sharpness": 2537.323387013222,
      "transform_matrix": [
        [
          -0.8330105350938297,
          -0.20549079605280543,
          0.5136798431113901,
          2.006191178816795
        ],
        [
          0.5527070087838892,
          -0.35048314352582877,
          0.7560929364472551,
          3.0515265745928075
        ],
        [
          0.024665986779085033,
          0.9137478311292668,
          0.4055323541487844,
          1.6223764943153427
        ],
        [
          0.0,
          0.0,
          0.0,
          1.0
        ]
      ]
    },
    {
      "file_path": "./data/image_1720.png",
      "sharpness": 2580.35567325097,
      "transform_matrix": [
        [
          -0.8420223005482409,
          -0.2000939234161041,
          0.5009599457542134,
          1.955576814200369
        ],
        [
          0.5388860000810116,
          -0.3541864373948891,
          0.7642995790148116,
          3.0846281444896655
        ],
        [
          0.024501517033871396,
          0.9135175911983919,
          0.40606069286845053,
          1.6253585657987129
        ],
        [
          0.0,
          0.0,
          0.0,
          1.0
        ]
      ]
    },
    {
      "file_path": "./data/image_1740.png",
      "sharpness": 2522.1725907349655,
      "transform_matrix": [
        [
          -0.8503743853997356,
          -0.19494368185840352,
          0.48873343001904157,
          1.9061262204945129
        ],
        [
          0.5256254121070724,
          -0.3572858183291146,
          0.7720523105128168,
          3.113962367505722
        ],
        [
          0.024110803490492563,
          0.9134242196130445,
          0.4062940612881557,
          1.6246861195088178
        ],
        [
          0.0,
          0.0,
          0.0,
          1.0
        ]
      ]
    },
    {
      "file_path": "./data/image_1800.png",
      "sharpness": 2536.2576391975304,
      "transform_matrix": [
        [
          -0.8747242826798545,
          -0.17805857428800334,
          0.4507244984149453,
          1.7553975552968504
        ],
        [
          0.48402432061569767,
          -0.36712877193680843,
          0.794315379347962,
          3.20020502256201
        ],
        [
          0.0240392676031802,
          0.9129685695518676,
          0.4073211321331112,
          1.6287483736658892
        ],
        [
          0.0,
          0.0,
          0.0,
          1.0
        ]
      ]
    },
    {
      "file_path": "./data/image_180.png",
      "sharpness": 3286.195957565956,
      "transform_matrix": [
        [
          0.03141757835364832,
          -0.4041657055367758,
          0.9141460596081016,
          3.6587721966226185
        ],
        [
          0.999506112757099,
          0.012079302942307137,
          -0.029010704948949778,
          -0.10719156453867364
        ],
        [
          0.0006828848462888955,
          0.914606020626941,
          0.4043455956974404,
          1.5888405803991508
        ],
        [
          0.0,
          0.0,
          0.0,
          1.0
        ]
      ]
    },
    {
      "file_path": "./data/image_1760.png",
      "sharpness": 2530.7115408564223,
      "transform_matrix": [
        [
          -0.8587116424988824,
          -0.18925227821595828,
          0.4762330209945629,
          1.8562312947428548
        ],
        [
          0.5118845324957654,
          -0.36076214295046966,
          0.7796312600232177,
          3.143828037846621
        ],
        [
          0.024259853070002436,
          0.9132547571488583,
          0.4066659662827486,
          1.6266612053976897
        ],
        [
          0.0,
          0.0,
          0.0,
          1.0
        ]
      ]
    },
    {
      "file_path": "./data/image_1820.png",
      "sharpness": 2553.16598852827,
      "transform_matrix": [
        [
          -0.8822941803243366,
          -0.1725107828746317,
          0.43794635426779754,
          1.7039669531864772
        ],
        [
          0.4700916958264129,
          -0.37016833393316134,
          0.8012422867449075,
          3.2286609829362876
        ],
        [
          0.02389093815278863,
          0.912806350983539,
          0.4076932532394616,
          1.6305758813022142
        ],
        [
          0.0,
          0.0,
          0.0,
          1.0
        ]
      ]
    },
    {
      "file_path": "./data/image_1780.png",
      "sharpness": 2573.5307279863373,
      "transform_matrix": [
        [
          -0.8667892117226773,
          -0.18341049578080965,
          0.46372087783200355,
          1.8072134092845196
        ],
        [
          0.49807558444749767,
          -0.363987803693466,
          0.7870410351053517,
          3.1723678995468654
        ],
        [
          0.02443715740036277,
          0.9131667256590498,
          0.40685299131996006,
          1.6279561748348894
        ],
        [
          0.0,
          0.0,
          0.0,
          1.0
        ]
      ]
    },
    {
      "file_path": "./data/image_1840.png",
      "sharpness": 2549.237223096172,
      "transform_matrix": [
        [
          -0.8896547035227717,
          -0.1667994318680639,
          0.4250793550467566,
          1.6524439369231179
        ],
        [
          0.4560022218194809,
          -0.37347099971497294,
          0.8078250962105651,
          3.2527134281275707
        ],
        [
          0.024010044590821927,
          0.912522526818378,
          0.4083211430558417,
          1.6315883496573256
        ],
        [
          0.0,
          0.0,
          0.0,
          1.0
        ]
      ]
    },
    {
      "file_path": "./data/image_1860.png",
      "sharpness": 2561.606223235787,
      "transform_matrix": [
        [
          -0.8967963010226188,
          -0.16070295846814567,
          0.4122268230845738,
          1.6001479008011164
        ],
        [
          0.4417855061928346,
          -0.3760473285525233,
          0.8145022855747339,
          3.277553972344645
        ],
        [
          0.024123868607721633,
          0.9125584725805724,
          0.40823409110887604,
          1.6320380921661113
        ],
        [
          0.0,
          0.0,
          0.0,
          1.0
        ]
      ]
    },
    {
      "file_path": "./data/image_1880.png",
      "sharpness": 2555.934822430782,
      "transform_matrix": [
        [
          -0.9037152553105718,
          -0.1545651962739894,
          0.39925973686110344,
          1.5477462330721095
        ],
        [
          0.4274352307011895,
          -0.3789866868183584,
          0.8207729374010071,
          3.302475108871275
        ],
        [
          0.024451194687193718,
          0.9124027024102813,
          0.4085626607651078,
          1.6324428434153668
        ],
        [
          0.0,
          0.0,
          0.0,
          1.0
        ]
      ]
    },
    {
      "file_path": "./data/image_1900.png",
      "sharpness": 2594.0012708604227,
      "transform_matrix": [
        [
          -0.9104108989434635,
          -0.1492283182288975,
          0.3858534750163534,
          1.494419987916225
        ],
        [
          0.4130080024437964,
          -0.3819673172866711,
          0.8267559243466127,
          3.3271931359928084
        ],
        [
          0.024008020541713516,
          0.9120481772437353,
          0.4093796983177455,
          1.6360604585567584
        ],
        [
          0.0,
          0.0,
          0.0,
          1.0
        ]
      ]
    },
    {
      "file_path": "./data/image_1920.png",
      "sharpness": 2555.4967616881477,
      "transform_matrix": [
        [
          -0.9166027066265217,
          -0.14315967814273983,
          0.37328914371793326,
          1.4430459985041455
        ],
        [
          0.399058987511227,
          -0.38440236405319766,
          0.8324582554079459,
          3.3493132203030993
        ],
        [
          0.024318773409099267,
          0.911997877801527,
          0.40947340353686945,
          1.635355600630237
        ],
        [
          0.0,
          0.0,
          0.0,
          1.0
        ]
      ]
    },
    {
      "file_path": "./data/image_20.png",
      "sharpness": 3268.555720553031,
      "transform_matrix": [
        [
          0.04307967758839147,
          -0.40530581861821746,
